0
1
3
1
1
1
2
2
2
3
4
2
3
4
3
3
4
1
3
4
5
1
1
5
6
3
2
5
7
4
2
6
8
1
2
6
9
3
3.16
7
10
2
2.48
7
11
4
1
7
12
2
2
8
13
1
2
8
14
4
1
8
15
5
1
9
16
5
1
9
17
5
1
9
18
5
1
9
19
5
1
9
20
5
1
9
21
5
1
9
22
5
1
9
23
5
1
9
24
5
1
9
25
5
1
9
26
5
1
9
27
5
1
9
28
5
1
9
29
5
1
9
30
5
1
9
31
5
1
9
32
5
1
9
33
5
1
9
34
5
1
9
35
5
1
9
36
5
1
9
37
5
1
9
38
5
1
9
39
5
1
9
40
5
1
9
41
5
1
9
42
5
1
9
43
5
1
9
44
5
1
9
45
5
1
9
46
5
1
9
47
5
1
9
48
5
1
9
49
5
1
9
50
5
1
10
51
5
1
10
52
5
1
10
53
5
1
10
54
5
1
10
55
5
1
10
56
5
1
10
57
5
1
10
58
5
1
10
59
5
1
10
60
5
1
10
61
5
1
10
62
5
1
10
63
5
1
11
64
5
1
11
65
5
1
11
66
5
1
11
67
5
1
11
68
5
1
11
69
5
1
11
70
5
1
11
71
5
1
11
72
5
1
11
73
5
1
11
74
5
1
11
75
5
1
11
76
5
1
11
77
5
1
11
78
5
1
11
79
5
1
11
80
5
1
11
81
5
1
11
82
5
1
11
83
5
1
11
84
5
1
11
85
5
1
11
86
5
1
11
87
5
1
11
88
5
1
12
89
5
1
13
90
1
6
13
91
1
6
13
92
1
6
13
93
1
6
13
94
1
6
13
95
1
56
13
